pal = [
            ("Rainbow",[[1,50,136,189],[2,153,213,148],[3,230,245,152],[4,254,224,139],[5,252,141,89],[6,213,62,79]],"Spectral / Cynthia Brewer / colorbrewer2.org"),
            ("Rainbow Discrete",[[1,136,204,238],[2,136,204,238],[2,68,170,153],[3,68,170,153],[3,51,34,136],[4,51,34,136],[4,17,119,51],[5,17,119,51],[5,153,153,51],[6,153,153,51],[6,221,204,119],[7,221,204,119],[7,204,102,119],[8,204,102,119],[8,136,34,85],[9,136,34,85],[9,170,68,153],[10,170,68,153]],"Paul Tol / https://personal.sron.nl/~pault/"),
            ("Red",[[1,254,224,210],[2,252,146,114],[3,222,45,38]],"Reds / Cynthia Brewer / colorbrewer2.org"),
            ("Green",[[1,229,245,224],[2,161,217,155],[3,49,163,84]],"Greens / Cynthia Brewer / colorbrewer2.org"),
            ("Blue",[[1,222,235,247],[2,158,202,225],[3,49,130,189]],"Blues / Cynthia Brewer / colorbrewer2.org"),
            ("Purple",[[1,254, 235, 226],[2, 251, 180, 185],[3, 247, 104, 161],[4, 197, 27, 138],[5, 122, 1, 119]], "RdPu / Cynthia Brewer / colorbrewer2.org"),
            ("Fall",[[1,255,255,178],[2,254,204,92],[3,253,141,60],[4,240,59,32],[5,189,0,38]],"YlOrRd / Cynthia Brewer / colorbrewer2.org"),
            ("Earthy",[[1,255, 255, 204],[2, 161, 218, 180], [3,65, 182, 196],[4, 44, 127, 184],[5, 37, 52, 148]], "YlGnBu / Cynthia Brewer / colorbrewer2.org"),
            ("Pink and Green",[[1,77,172,38],[2,184,225,134],[3,247,247,247],[4,241,182,218],[5,208,28,139]],"PiYG / Cynthia Brewer / colorbrewer2.org"),
            ("Red and Blue",[[1,5,113,176],[2,146,197,222],[3,247,247,247],[4,244,165,130],[5,202,0,32]],"RdBu / Cynthia Brewer / colorbrewer2.org"),
            ("Two Colors",[[1,228,26,28],[2,228,26,28],[2,55,126,184],[3,55,126,184]],"Set1 / Cynthia Brewer / colorbrewer2.org"),
            ("Three Colors",[[1,228,26,28],[2,228,26,28],[2,55,126,184],[3,55,126,184],[3,77,175,74],[4,77,175,74]],"Set1 / Cynthia Brewer / colorbrewer2.org"),
            ("Four Colors",[[1,228,26,28],[2,228,26,28],[2,55,126,184],[3,55,126,184],[3,77,175,74],[4,77,175,74],[4,152,78,163],[5,152,78,163]],"Set1 / Cynthia Brewer / colorbrewer2.org"),
            ("Five Colors",[[1,228,26,28],[2,228,26,28],[2,55,126,184],[3,55,126,184],[3,77,175,74],[4,77,175,74],[4,152,78,163],[5,152,78,163],[5,255,127,0],[6,255,127,0]],"Set1 / Cynthia Brewer / colorbrewer2.org"),
            ("Six Colors",[[1,228,26,28],[2,228,26,28],[2,55,126,184],[3,55,126,184],[3,77,175,74],[4,77,175,74],[4,152,78,163],[5,152,78,163],[5,255,127,0],[6,255,127,0],[6,255,255,51],[7,255,255,51]],"Set1 / Cynthia Brewer / colorbrewer2.org"),
            ("Seven Colors",[[1,228,26,28],[2,228,26,28],[2,55,126,184],[3,55,126,184],[3,77,175,74],[4,77,175,74],[4,152,78,163],[5,152,78,163],[5,255,127,0],[6,255,127,0],[6,255,255,51],[7,255,255,51],[7,166,86,40],[8,166,86,40]],"Set1 / Cynthia Brewer / colorbrewer2.org"),
            ("Eight Colors",[[1,228,26,28],[2,228,26,28],[2,55,126,184],[3,55,126,184],[3,77,175,74],[4,77,175,74],[4,152,78,163],[5,152,78,163],[5,255,127,0],[6,255,127,0],[6,255,255,51],[7,255,255,51],[7,166,86,40],[8,166,86,40],[8,247,129,191],[9,247,129,191]],"Set1 / Cynthia Brewer / colorbrewer2.org"),
            ("Nine Colors",[[1,228,26,28],[2,228,26,28],[2,55,126,184],[3,55,126,184],[3,77,175,74],[4,77,175,74],[4,152,78,163],[5,152,78,163],[5,255,127,0],[6,255,127,0],[6,255,255,51],[7,255,255,51],[7,166,86,40],[8,166,86,40],[8,247,129,191],[9,247,129,191],[9,153,153,153],[10,153,153,153]],"Set1 / Cynthia Brewer / colorbrewer2.org"),
            ("Two Pairs",[[1,166,206,227],[2,166,206,227],[2,31,120,180],[3,31,120,180],[3,178,223,138],[4,178,223,138],[4,51,160,44],[5,51,160,44]],"Paired / Cynthia Brewer / colorbrewer2.org"),
            ("Three Pairs",[[1,166,206,227],[2,166,206,227],[2,31,120,180],[3,31,120,180],[3,178,223,138],[4,178,223,138],[4,51,160,44],[5,51,160,44],[5,251,154,153],[6,251,154,153],[6,227,26,28],[7,227,26,28]],"Paired / Cynthia Brewer / colorbrewer2.org"),
            ("Four Pairs",[[1,166,206,227],[2,166,206,227],[2,31,120,180],[3,31,120,180],[3,178,223,138],[4,178,223,138],[4,51,160,44],[5,51,160,44],[5,251,154,153],[6,251,154,153],[6,227,26,28],[7,227,26,28],[7,253,191,111],[8,253,191,111],[8,255,127,0],[9,255,127,0]],"Paired / Cynthia Brewer / colorbrewer2.org"),
            ("Five Pairs",[[1,166,206,227],[2,166,206,227],[2,31,120,180],[3,31,120,180],[3,178,223,138],[4,178,223,138],[4,51,160,44],[5,51,160,44],[5,251,154,153],[6,251,154,153],[6,227,26,28],[7,227,26,28],[7,253,191,111],[8,253,191,111],[8,255,127,0],[9,255,127,0],[9,202,178,214],[10,202,178,214],[10,106,61,154],[11,106,61,154]],"Paired / Cynthia Brewer / colorbrewer2.org"),
            ("Two Scales",[[1,166,206,227],[3,31,120,180],[3,178,223,138],[5,51,160,44]],"Paired / Cynthia Brewer / colorbrewer2.org"),
            ("Three Scales",[[1,166,206,227],[3,31,120,180],[3,178,223,138],[5,51,160,44],[5,251,154,153],[7,227,26,28]],"Paired / Cynthia Brewer / colorbrewer2.org"),
            ("Four Scales",[[1,166,206,227],[3,31,120,180],[3,178,223,138],[5,51,160,44],[5,251,154,153],[7,227,26,28],[7,253,191,111],[9,255,127,0]],"Paired / Cynthia Brewer / colorbrewer2.org"),
            ("Five Scales",[[1,166,206,227],[3,31,120,180],[3,178,223,138],[5,51,160,44],[5,251,154,153],[7,227,26,28],[7,253,191,111],[9,255,127,0],[9,202,178,214],[11,106,61,154]],"Paired / Cynthia Brewer / colorbrewer2.org"),
            ("Grayscale",[[1,255,255,255],[2,0,0,0]],""),
            ("Old Rainbow",[[1,0,0,128],[2,0,0,255],[3,0,255,255],[4,0,255,0],[5,255,255,0],[6,255,0,0],[7,128,0,0]], ""),
     ]